12111012343
11111010343
11101210343
9121110343
8101210343
7121011343
7111110343
6121111343
5121211343
5111112343
5101111343
4111110343
4101211343
4101012343
2111110343
2101212343
1281111343
1271010343
1261210343
1241112343
1212811343
1212810343
1212109343
1211122343
1210611343
1210512343
1191112343
1121010343
1112712343
1112211343
1111108343
1110610343
1110108343
1012210343
1010115343
981010343
971212343
971011343
941211343
921111343
912711343
912211343
912129343
912108343
911811343
911511343
910410343
910114343
910102343
861111343
851112343
851010343
841011343
821011343
812811343
812410343
812116343
812107343
810811343
810106343
791010343
751110343
751012343
741112343
721012343
712611343
712212343
712128343
712126343
711811343
711115343
711114343
711112343
710116343
671010343
661110343
651012343
651010343
641212343
641211343
621211343
612610343
612102343
611112343
611104343
610129343
591012343
581212343
541110343
521211343
521011343
512122343
512119343
512116343
512115343
511411343
511116343
510910343
471010343
412122343
410712343
410106343
281112343
221010343
212812343
212211343
211104343
210912343
210810343
210510343
129811343
128610343
126129343
124512343
124510343
121294343
119911343
119116343
119109343
118114343
118105343
117210343
111022343
107811343
102124343
101155343
101088343
99412343
99105343
98911343
98611343
98115343
97912343
97812343
97810343
97710343
97612343
97116343
96910343
96610343
96129343
96115343
96108343
95212343
95128343
95127343
95112343
95107343
95104343
94611343
94210343
94128343
94119343
92910343
92122343
92118343
91272343
91264343
91228343
91177343
91129343
91074343
91072343
91065343
91062343
89118343
88710343
88512343
88212343
88117343
88105343
88104343
87510343
87127343
87117343
87114343
87112343
86812343
86811343
86610343
86511343
86211343
86124343
85612343
85411343
85210343
85122343
84811343
84510343
84109343
84106343
82410343
82212343
82114343
82108343
82107343
81276343
81262343
81157343
81076343
77610343
77124343
77116343
76612343
76512343
76411343
76105343
75711343
75511343
75412343
75102343
74812343
74112343
74107343
74106343
72511343
72210343
72112343
72106343
71262343
71224343
71055343
69112343
68611343
66711343
66105343
66102343
65116343
64116343
64105343
64102343
62115343
61255343
61242343
59125343
58510343
55611343
55212343
55128343
55102343
54102343
52212343
51249343
51246343
51195343
51145343
51022343
49212343
46126343
45112343
45105343
42211343
42102343
41179343
41157343
27127343
25612343
22119343
12622343
11997343
11995343
10989343
9972343
9964343
9952343
9945343
9897343
9892343
9889343
9882343
9868343
9865343
9852343
9826343
9822343
9787343
9784343
9766343
9754343
9747343
9727343
9724343
9697343
9678343
9669343
9648343
9645343
9598343
9588343
9585343
9579343
9552343
9526343
9466343
9294343
9262343
9252343
9246343
8872343
8787343
8784343
8775343
8766343
8755343
8745343
8727343
8682343
8677343
8674343
8662343
8655343
8625343
8622343
8584343
8578343
8482343
8275343
8272343
8245343
7975343
7926343
7765343
7752343
7726343
7722343
7695343
7645343
7642343
7557343
7552343
7524343
7248343
6865343
6774343
6684343
6675343
6655343
6652343
6627343
6588343
6522343
6264343
6255343
6226343
5995343
5965343
5584343
5574343
4822343
4722343
4656343
2929343
2725343
2545343
2524343
121111343
121012343
111010343
101211343
91212343
91111343
81111343
81010343
71110343
61111343
61011343
51210343
41211343
41110343
12811343
12612343
12211343
12210343
12127343
12115343
12109343
12106343
11511343
10107343
9811343
9712343
9412343
9411343
9117343
8710343
8410343
8125343
8118343
7710343
7512343
7510343
7411343
6711343
6610343
5811343
5512343
5412343
5212343
5119343
5115343
5104343
4612343
4212343
2812343
2811343
2610343
2511343
2127343
2104343
1299343
1296343
1287343
1164343
1156343
1129343
1126343
1095343
1086343
1074343
1065343
997343
988343
982343
978343
975343
972343
969343
958343
894343
877343
874343
867343
865343
862343
846343
825343
822343
775343
774343
754343
727343
696343
654343
652343
592343
565343
559343
558343
496343
495343
292343
276343
264343
247343
225343
1011343
912343
810343
412343
127343
118343
115343
114343
94343
76343
66343
55343
45343
25343
22343
12343
10343
9343
6343
